Homes:
  main:
    X: 227.66163358993904
    Y: 72.0
    Z: 2038.0920227108772
    Yaw: 20.398193
    Pitch: 40.649807
    World: world
