Homes:
  main:
    X: 194.04350725290365
    Y: 74.0
    Z: 2034.577835864997
    Yaw: 96.95068
    Pitch: 25.74078
    World: world
