Homes:
  main:
    X: 816.9696458494483
    Y: 162.0
    Z: 1321.580601216823
    Yaw: 6.0
    Pitch: 49.0
    World: world
