Homes:
  main:
    X: 816.9696458494483
    Y: 165.0
    Z: 1321.580601216823
    Yaw: 6.1499577
    Pitch: 49.800014
    World: world
